45.7701216666667 4.86978166666667
45.783248333333304 4.87880666666667
45.75589 4.86582833333333
45.62764095 5.14638608
45.779920000000004 4.9262833333333305
45.7772633333333 4.861759999999999
45.770778333333304 4.84089333333333
45.77592 4.87123166666667
45.779865 4.9264
45.784331666666695 4.879575
45.7784483333333 4.89401
45.7842633333333 4.87146
45.7557966666667 4.86598
45.7818883333333 4.87298333333333
45.7780283333333 4.86243666666667
45.7690833333333 4.83763666666667
45.7866216666667 4.879805
45.7553033333333 4.867515
45.765265 4.89167166666667
46.0763883333333 4.65668666666667
45.781716666666696 4.91552833333333
45.8211283333333 4.9481066666666695
45.752391666666696 4.8673150000000005
45.5282483333333 4.86345166666667
45.7356933333333 4.82591833333333
45.7527566666667 4.833665
45.7772116666667 4.87617333333333
45.7847616666667 4.87184166666667
45.783984999999994 4.87151666666667
45.7806466666667 4.8756
45.942318333333304 5.364235
45.7700266666667 4.87496666666667
45.78445 4.8798449999999995
46.0082166666667 4.62355166666667
45.818735 5.0532116666666695
45.768048333333304 4.87590166666667
45.7804883333333 4.87679666666667
45.78017 4.87829833333333
45.5656083333333 4.28242833333333
45.7701266666667 4.87160333333333
45.762686666666696 4.867045
45.7784816666667 4.88457333333333
45.78411 4.871445
45.7784316666667 4.89247833333333
45.778495 4.88466166666667
45.768068333333304 4.876005
45.755865 4.865831666666669
45.78403 4.8727966666666696
45.7720233333333 4.8710949999999995
45.585448333333304 5.279445
45.7796216666667 4.821808333333331
45.7695066666667 4.88944333333333
45.76889 4.778405
45.7754533333333 4.86918833333333
45.778875 4.89054833333333
45.7686133333333 4.8687866666666695
45.7620383333333 4.8800883333333305
45.772675 4.86954666666667
45.755865 4.86601333333333
45.73813 4.85279333333333
45.7828716666667 4.877763333333331
45.7332766666667 4.83503333333333
45.7653733333333 4.885961666666669
45.730688333333305 4.827815
45.764109999999995 4.86876833333333
45.750923333333304 4.89238
45.699638333333304 4.9865783333333304
45.784420000000004 4.87125333333333
45.7809216666667 4.8770133333333305
45.9954233333333 4.75633
45.7806333333333 4.878005
45.7863883333333 4.87998166666667
45.7850416666667 4.879791666666669
45.776105 4.8906933333333305
45.768615000000004 4.868815000000001
